# HCAL bin number, Number of associated ECAL bins, list of associated ECAL bins
                0,                             28, 2, 3, 4, 5, 11, 12, 13, 14, 15, 21, 22, 23, 24, 25, 26, 31, 32, 33, 34, 35, 36, 40, 43, 44, 53, 56, 76, 93
                1,                             46, 1, 2, 3, 4, 5, 10, 11, 12, 13, 14, 15, 20, 21, 22, 23, 24, 25, 26, 30, 31, 32, 33, 34, 35, 36, 40, 41, 42, 43, 44, 45, 46, 50, 51, 52, 53, 54, 55, 62, 64, 65, 68, 71, 73, 76, 77
                2,                             44, 2, 3, 4, 10, 11, 12, 13, 14, 15, 20, 21, 22, 23, 24, 25, 30, 31, 32, 33, 34, 35, 36, 40, 41, 42, 43, 44, 45, 46, 50, 51, 52, 53, 54, 60, 61, 62, 63, 71, 73, 74, 76, 81, 93
                3,                             36, 3, 12, 13, 14, 15, 20, 21, 22, 23, 30, 31, 32, 33, 34, 35, 40, 41, 42, 43, 44, 45, 50, 51, 52, 53, 57, 60, 61, 62, 63, 66, 71, 73, 74, 95, 165
                4,                             24, 21, 22, 24, 26, 30, 31, 32, 33, 40, 41, 42, 43, 50, 51, 52, 54, 60, 61, 62, 63, 66, 71, 72, 73
                5,                             39, 3, 4, 5, 12, 13, 14, 15, 16, 22, 23, 24, 25, 26, 32, 33, 34, 35, 36, 37, 42, 43, 44, 45, 46, 47, 51, 53, 54, 55, 56, 57, 64, 65, 66, 67, 71, 74, 76, 95
                6,                             56, 2, 3, 4, 5, 11, 12, 13, 14, 15, 16, 21, 22, 23, 24, 25, 26, 31, 32, 33, 34, 35, 36, 37, 40, 41, 42, 43, 44, 45, 46, 47, 51, 52, 53, 54, 55, 56, 57, 58, 61, 62, 63, 64, 65, 66, 68, 71, 73, 74, 76, 77, 83, 84, 85, 97, 147
                7,                             60, 1, 2, 3, 4, 5, 11, 12, 13, 14, 15, 21, 22, 23, 24, 25, 26, 30, 31, 32, 33, 34, 35, 36, 40, 41, 42, 43, 44, 45, 46, 47, 50, 51, 52, 53, 54, 55, 57, 60, 61, 62, 63, 64, 65, 67, 70, 71, 72, 73, 74, 81, 83, 85, 86, 91, 92, 94, 102, 111, 131
                8,                             55, 3, 4, 11, 12, 13, 14, 20, 21, 22, 23, 24, 30, 31, 32, 33, 34, 40, 41, 42, 43, 44, 45, 46, 50, 51, 52, 53, 54, 55, 56, 60, 61, 62, 63, 64, 65, 67, 70, 71, 72, 73, 76, 80, 81, 82, 83, 84, 85, 86, 92, 95, 98, 114, 122, 165
                9,                             32, 11, 20, 25, 30, 31, 32, 34, 35, 40, 41, 42, 43, 44, 50, 51, 52, 53, 54, 60, 61, 62, 63, 64, 70, 71, 72, 73, 74, 82, 84, 88, 92
               10,                             46, 13, 14, 15, 16, 23, 24, 25, 26, 33, 34, 35, 36, 37, 42, 43, 44, 45, 46, 47, 52, 54, 55, 56, 57, 58, 64, 65, 66, 67, 68, 73, 75, 76, 77, 78, 81, 84, 86, 87, 88, 105, 106, 107, 115, 116, 117
               11,                             67, 3, 5, 12, 13, 15, 16, 22, 23, 24, 25, 26, 32, 33, 34, 35, 36, 37, 41, 42, 43, 44, 45, 46, 47, 51, 52, 53, 54, 55, 56, 57, 58, 61, 62, 63, 64, 65, 66, 67, 68, 70, 71, 73, 74, 75, 76, 77, 78, 81, 82, 83, 84, 85, 86, 87, 91, 93, 94, 95, 96, 97, 98, 103, 104, 105, 106, 116
               12,                             65, 12, 13, 15, 20, 22, 23, 24, 25, 26, 31, 32, 33, 34, 35, 36, 40, 41, 42, 43, 44, 45, 46, 47, 50, 51, 52, 53, 54, 55, 56, 57, 60, 61, 62, 63, 64, 65, 66, 67, 71, 72, 73, 74, 75, 76, 77, 81, 82, 83, 84, 85, 86, 87, 91, 92, 93, 94, 95, 96, 102, 104, 105, 114, 123, 135
               13,                             57, 12, 13, 22, 23, 31, 32, 33, 34, 35, 36, 40, 41, 42, 43, 44, 45, 46, 50, 51, 52, 53, 54, 55, 60, 61, 62, 63, 64, 65, 66, 67, 70, 71, 72, 73, 74, 75, 80, 81, 82, 83, 84, 85, 88, 90, 91, 92, 93, 94, 95, 98, 104, 111, 115, 122, 131, 175
               14,                             36, 30, 33, 40, 41, 42, 43, 45, 50, 51, 52, 53, 54, 55, 60, 61, 62, 63, 64, 65, 70, 71, 72, 73, 74, 80, 81, 82, 83, 84, 91, 92, 93, 94, 101, 103, 115
               15,                             48, 3, 14, 25, 26, 32, 33, 35, 36, 37, 44, 45, 46, 47, 53, 54, 55, 56, 57, 58, 64, 65, 66, 67, 68, 72, 74, 75, 76, 77, 78, 84, 85, 86, 87, 88, 91, 94, 95, 96, 97, 98, 105, 106, 107, 108, 114, 142, 157
               16,                             65, 4, 13, 22, 23, 25, 26, 32, 34, 35, 36, 37, 42, 44, 45, 46, 47, 51, 53, 54, 55, 56, 57, 58, 62, 63, 64, 65, 66, 67, 68, 71, 72, 73, 74, 75, 76, 77, 78, 82, 83, 84, 85, 86, 87, 88, 92, 93, 94, 95, 96, 97, 98, 101, 103, 105, 106, 107, 108, 114, 115, 116, 117, 118, 123, 127
               17,                             66, 13, 31, 33, 34, 35, 36, 40, 43, 44, 45, 46, 47, 52, 53, 54, 55, 56, 57, 60, 62, 63, 64, 65, 66, 67, 68, 71, 72, 73, 74, 75, 76, 77, 78, 81, 82, 83, 84, 85, 86, 87, 88, 91, 92, 93, 94, 95, 96, 97, 101, 102, 103, 104, 105, 106, 107, 111, 112, 113, 115, 116, 117, 118, 121, 127, 135
               18,                             60, 11, 24, 30, 34, 35, 40, 42, 43, 45, 46, 51, 52, 53, 54, 55, 56, 60, 61, 62, 63, 64, 65, 66, 67, 70, 71, 72, 73, 74, 75, 76, 77, 80, 81, 82, 83, 84, 85, 87, 88, 90, 91, 92, 93, 94, 95, 96, 97, 98, 100, 101, 102, 103, 104, 105, 112, 113, 114, 115, 123
               19,                             51, 11, 23, 31, 32, 33, 34, 42, 43, 44, 45, 51, 52, 53, 54, 55, 60, 61, 62, 63, 64, 65, 70, 71, 72, 73, 74, 76, 77, 80, 81, 82, 83, 84, 85, 90, 91, 92, 93, 94, 96, 101, 102, 103, 105, 111, 113, 122, 123, 124, 156, 167
               20,                             52, 32, 35, 36, 43, 45, 46, 47, 55, 56, 57, 58, 64, 65, 66, 67, 68, 73, 75, 76, 77, 78, 82, 83, 84, 85, 86, 87, 88, 94, 95, 96, 97, 98, 104, 105, 106, 107, 108, 114, 115, 116, 117, 118, 126, 127, 128, 133, 136, 144, 155, 157, 185
               21,                             60, 21, 31, 35, 44, 45, 54, 55, 56, 57, 58, 62, 63, 64, 65, 66, 67, 68, 73, 74, 75, 76, 77, 78, 82, 83, 84, 85, 86, 87, 88, 93, 94, 95, 96, 97, 98, 101, 102, 103, 104, 105, 106, 107, 108, 112, 113, 114, 115, 116, 117, 118, 123, 125, 126, 127, 128, 145, 171, 174, 185
               22,                             76, 34, 36, 43, 44, 45, 46, 47, 55, 56, 57, 58, 62, 63, 64, 65, 66, 67, 68, 71, 72, 73, 74, 75, 76, 77, 78, 81, 82, 83, 84, 85, 86, 87, 88, 91, 92, 93, 94, 95, 96, 97, 98, 100, 101, 102, 103, 104, 105, 106, 107, 108, 110, 111, 112, 113, 114, 115, 116, 117, 118, 122, 123, 124, 125, 126, 127, 128, 131, 132, 133, 134, 135, 136, 166, 171, 204
               23,                             62, 44, 46, 54, 55, 56, 57, 62, 63, 64, 65, 66, 71, 72, 73, 74, 75, 76, 77, 81, 82, 83, 84, 85, 86, 87, 88, 90, 91, 92, 93, 94, 95, 96, 97, 100, 101, 102, 103, 104, 105, 106, 107, 111, 112, 113, 114, 115, 116, 118, 121, 122, 123, 124, 125, 132, 134, 135, 136, 141, 152, 171, 184
               24,                             39, 40, 44, 46, 52, 54, 63, 65, 72, 81, 82, 83, 84, 85, 90, 91, 92, 93, 94, 95, 96, 98, 100, 101, 102, 103, 104, 110, 111, 112, 113, 114, 117, 121, 122, 123, 124, 125, 128, 132
               25,                             45, 52, 64, 65, 67, 77, 78, 85, 86, 87, 88, 94, 96, 97, 98, 105, 106, 107, 108, 114, 115, 116, 117, 118, 123, 125, 126, 127, 128, 135, 136, 137, 138, 142, 144, 146, 147, 148, 155, 156, 157, 165, 166, 183, 187, 194
               26,                             60, 26, 60, 64, 67, 75, 76, 77, 82, 83, 84, 85, 86, 87, 88, 93, 94, 95, 96, 97, 98, 103, 104, 105, 106, 107, 108, 112, 113, 114, 115, 116, 117, 118, 123, 124, 125, 126, 127, 128, 131, 134, 135, 136, 137, 138, 143, 144, 145, 146, 147, 148, 151, 154, 156, 157, 166, 168, 173, 174, 176
               27,                             76, 31, 41, 45, 55, 58, 63, 65, 68, 73, 76, 77, 78, 81, 82, 83, 84, 85, 86, 87, 88, 92, 93, 94, 95, 96, 97, 98, 101, 102, 103, 104, 105, 106, 107, 108, 111, 112, 113, 114, 115, 116, 117, 118, 121, 122, 123, 124, 125, 126, 127, 128, 131, 132, 133, 134, 135, 136, 137, 138, 142, 143, 144, 145, 146, 147, 148, 151, 152, 153, 154, 155, 156, 164, 166, 176, 178
               28,                             62, 44, 54, 61, 64, 66, 71, 72, 76, 77, 84, 85, 90, 91, 92, 93, 94, 95, 96, 101, 102, 103, 104, 105, 106, 108, 110, 111, 112, 113, 114, 115, 116, 118, 120, 121, 122, 123, 124, 125, 126, 128, 130, 131, 132, 133, 134, 135, 136, 140, 141, 142, 143, 144, 146, 151, 152, 153, 154, 165, 168, 170, 171
               29,                             39, 34, 53, 56, 63, 65, 83, 91, 92, 93, 101, 102, 103, 104, 105, 106, 110, 111, 112, 113, 114, 116, 120, 121, 122, 123, 124, 125, 128, 130, 131, 132, 133, 134, 136, 141, 142, 143, 151, 160
               30,                             56, 56, 65, 74, 77, 78, 82, 85, 87, 94, 97, 98, 105, 106, 107, 108, 114, 115, 116, 117, 118, 123, 124, 125, 126, 127, 128, 133, 134, 135, 136, 137, 138, 141, 142, 143, 145, 146, 147, 148, 153, 154, 155, 156, 157, 158, 164, 165, 166, 167, 168, 175, 176, 178, 186, 194, 195
               31,                             65, 74, 76, 86, 87, 95, 96, 97, 98, 102, 105, 106, 107, 108, 113, 114, 115, 116, 117, 118, 122, 123, 124, 125, 126, 127, 128, 132, 133, 134, 135, 136, 137, 138, 142, 143, 144, 145, 146, 147, 148, 152, 153, 154, 155, 156, 157, 158, 163, 164, 165, 166, 167, 168, 173, 175, 176, 177, 182, 185, 186, 187, 195, 196, 205, 206
               32,                             75, 75, 77, 78, 82, 84, 85, 92, 93, 94, 95, 96, 97, 98, 102, 103, 104, 105, 106, 107, 112, 113, 114, 115, 116, 117, 118, 121, 122, 123, 124, 125, 126, 127, 128, 131, 132, 133, 134, 135, 136, 137, 138, 140, 141, 142, 143, 144, 145, 146, 147, 148, 150, 151, 152, 153, 154, 155, 156, 157, 158, 160, 161, 162, 163, 164, 165, 166, 167, 168, 171, 173, 174, 175, 176, 192
               33,                             60, 84, 93, 94, 95, 101, 102, 103, 104, 107, 108, 110, 111, 112, 113, 114, 115, 116, 117, 118, 120, 121, 122, 123, 124, 125, 126, 128, 130, 131, 132, 133, 134, 135, 140, 141, 142, 143, 144, 145, 146, 147, 150, 151, 152, 153, 154, 155, 160, 161, 162, 163, 164, 165, 166, 170, 171, 173, 176, 182, 183
               34,                             44, 68, 85, 87, 94, 101, 102, 103, 104, 106, 110, 111, 112, 113, 116, 117, 120, 121, 122, 123, 124, 126, 130, 131, 132, 133, 134, 135, 140, 141, 142, 143, 144, 150, 151, 152, 153, 154, 160, 161, 162, 163, 170, 190, 194
               35,                             53, 94, 113, 114, 117, 118, 123, 124, 125, 126, 127, 128, 133, 135, 136, 137, 138, 143, 144, 145, 146, 147, 148, 153, 154, 155, 156, 157, 158, 160, 162, 163, 164, 165, 166, 167, 168, 171, 173, 174, 175, 176, 177, 178, 182, 183, 184, 185, 186, 187, 192, 194, 195, 204
               36,                             69, 72, 87, 98, 104, 107, 116, 117, 118, 123, 124, 125, 126, 127, 128, 132, 133, 134, 135, 136, 137, 138, 141, 142, 143, 144, 145, 146, 147, 148, 151, 152, 153, 154, 155, 156, 157, 158, 161, 162, 163, 164, 165, 166, 167, 168, 171, 172, 173, 174, 175, 176, 177, 178, 182, 183, 184, 185, 186, 187, 192, 193, 194, 195, 196, 197, 203, 204, 206, 212
               37,                             72, 87, 92, 98, 104, 106, 112, 115, 116, 117, 118, 122, 123, 124, 125, 126, 127, 131, 132, 133, 134, 135, 136, 137, 138, 140, 141, 142, 143, 144, 145, 146, 147, 148, 150, 151, 152, 153, 154, 155, 156, 157, 158, 160, 161, 162, 163, 164, 165, 166, 167, 171, 172, 173, 174, 175, 176, 177, 180, 181, 182, 183, 184, 185, 187, 190, 193, 194, 195, 197, 200, 202, 203
               38,                             59, 55, 85, 101, 104, 106, 112, 113, 114, 116, 117, 121, 122, 123, 124, 125, 126, 130, 131, 132, 133, 134, 135, 136, 138, 140, 141, 142, 143, 144, 145, 146, 147, 148, 150, 151, 152, 153, 154, 155, 156, 160, 161, 162, 163, 164, 165, 170, 171, 172, 173, 174, 175, 178, 180, 181, 183, 184, 185, 191
               39,                             35, 93, 106, 112, 114, 120, 121, 122, 123, 124, 125, 130, 131, 132, 133, 134, 140, 141, 142, 143, 150, 151, 152, 153, 154, 160, 161, 162, 163, 165, 170, 171, 172, 173, 181, 200
               40,                             53, 67, 123, 126, 127, 134, 138, 144, 145, 146, 147, 148, 153, 154, 155, 156, 157, 158, 163, 164, 165, 166, 167, 168, 172, 173, 174, 175, 176, 177, 178, 181, 182, 183, 184, 185, 186, 187, 190, 192, 193, 194, 195, 196, 197, 200, 203, 204, 205, 206, 211, 214, 215, 225
               41,                             69, 95, 108, 114, 116, 118, 124, 126, 127, 128, 132, 133, 135, 136, 138, 144, 145, 146, 147, 148, 151, 152, 153, 154, 155, 156, 157, 158, 161, 162, 163, 164, 165, 166, 167, 168, 171, 172, 173, 174, 175, 176, 177, 178, 180, 181, 182, 183, 184, 185, 186, 187, 190, 191, 192, 193, 194, 195, 196, 197, 200, 202, 203, 204, 205, 206, 212, 213, 214, 215
               42,                             66, 107, 114, 117, 124, 127, 131, 132, 133, 134, 135, 136, 141, 142, 143, 144, 145, 146, 147, 150, 151, 152, 153, 154, 155, 156, 157, 158, 160, 161, 162, 163, 164, 165, 166, 167, 170, 171, 172, 173, 174, 175, 176, 177, 180, 181, 182, 183, 184, 185, 186, 187, 190, 191, 192, 193, 194, 195, 200, 202, 203, 204, 205, 206, 210, 212, 214
               43,                             59, 88, 103, 117, 122, 124, 125, 127, 130, 131, 132, 133, 134, 135, 136, 137, 140, 141, 142, 143, 144, 146, 150, 151, 152, 153, 154, 155, 160, 161, 162, 163, 164, 165, 166, 167, 170, 171, 172, 173, 174, 175, 176, 180, 181, 182, 183, 184, 190, 191, 192, 194, 195, 200, 202, 203, 204, 211, 214, 220
               44,                             31, 92, 93, 123, 131, 132, 140, 141, 142, 143, 144, 150, 151, 152, 153, 154, 160, 161, 162, 163, 165, 170, 171, 172, 173, 180, 181, 182, 183, 184, 190, 200
               45,                             50, 128, 137, 141, 144, 150, 156, 157, 158, 160, 163, 164, 165, 172, 173, 174, 175, 176, 177, 182, 183, 184, 185, 186, 187, 190, 191, 192, 193, 194, 195, 196, 197, 200, 201, 202, 203, 204, 205, 206, 210, 211, 212, 213, 214, 215, 216, 222, 223, 224, 225
               46,                             63, 123, 131, 137, 148, 151, 152, 153, 154, 155, 156, 158, 160, 161, 162, 163, 164, 165, 166, 167, 168, 170, 171, 172, 173, 174, 175, 176, 177, 180, 181, 182, 183, 184, 185, 186, 187, 190, 191, 192, 193, 194, 195, 196, 197, 200, 201, 202, 203, 204, 205, 206, 210, 211, 212, 213, 214, 215, 216, 221, 222, 223, 224, 225
               47,                             50, 115, 122, 133, 136, 137, 145, 150, 152, 154, 160, 161, 162, 163, 164, 165, 170, 171, 172, 173, 174, 175, 176, 177, 180, 181, 182, 183, 184, 185, 186, 187, 190, 191, 192, 193, 194, 195, 196, 200, 201, 202, 203, 204, 205, 210, 211, 212, 213, 214, 223
               48,                             43, 131, 133, 137, 141, 142, 144, 145, 147, 150, 151, 152, 154, 160, 161, 162, 163, 164, 166, 170, 171, 172, 173, 174, 180, 181, 182, 183, 184, 185, 186, 190, 191, 192, 193, 194, 200, 201, 202, 203, 204, 205, 211, 212
               49,                             27, 114, 141, 142, 150, 151, 152, 153, 160, 161, 162, 163, 166, 170, 171, 172, 180, 181, 182, 184, 190, 191, 192, 193, 202, 205, 206, 211
               50,                             32, 142, 162, 172, 176, 182, 183, 185, 190, 191, 192, 193, 194, 195, 196, 200, 201, 202, 203, 204, 205, 206, 210, 211, 212, 213, 214, 215, 216, 222, 223, 224, 225
               51,                             43, 127, 155, 156, 158, 161, 162, 170, 171, 172, 174, 180, 181, 182, 183, 184, 185, 186, 187, 190, 191, 192, 193, 194, 195, 196, 200, 201, 202, 203, 204, 205, 206, 210, 211, 212, 213, 214, 215, 221, 222, 223, 224, 225
               52,                             37, 141, 145, 154, 160, 161, 162, 170, 171, 172, 173, 174, 180, 181, 182, 183, 184, 185, 187, 190, 191, 192, 193, 194, 195, 200, 201, 202, 203, 204, 210, 211, 212, 213, 214, 222, 223, 224
               53,                             30, 133, 145, 150, 163, 165, 170, 171, 172, 173, 180, 181, 182, 183, 185, 190, 191, 192, 193, 194, 195, 200, 201, 202, 203, 204, 210, 211, 212, 213, 223
               54,                             20, 111, 115, 151, 161, 163, 171, 173, 174, 180, 181, 182, 190, 191, 192, 200, 201, 202, 203, 205, 210
