# HCAL bin number, Number of associated ECAL bins, list of associated ECAL bins
                0,                             22, 1, 2, 3, 4, 5, 10, 11, 12, 13, 14, 15, 20, 21, 22, 24, 25, 31, 32, 34, 42, 51, 52
                1,                             14, 1, 2, 3, 4, 11, 12, 13, 14, 15, 21, 22, 23, 24, 25
                2,                             15, 1, 2, 3, 10, 11, 12, 13, 14, 20, 21, 22, 23, 30, 31, 32
                3,                             12, 10, 11, 12, 20, 21, 22, 30, 31, 32, 40, 41, 42
                4,                             14, 2, 10, 11, 20, 21, 22, 30, 31, 32, 40, 41, 42, 50, 51
                5,                             19, 1, 2, 3, 4, 5, 13, 14, 15, 16, 22, 24, 25, 26, 34, 35, 36, 44, 45, 46
                6,                             20, 3, 4, 5, 12, 13, 14, 15, 22, 23, 24, 25, 26, 32, 33, 34, 35, 36, 43, 44, 45
                7,                             18, 12, 13, 14, 21, 22, 23, 24, 30, 31, 32, 33, 34, 41, 42, 43, 44, 52, 53
                8,                             15, 20, 21, 22, 30, 31, 32, 33, 40, 41, 42, 43, 50, 51, 52, 61
                9,                             16, 20, 21, 22, 30, 31, 32, 40, 41, 42, 43, 50, 51, 52, 60, 61, 62
               10,                             20, 14, 15, 24, 25, 26, 34, 35, 36, 37, 43, 44, 45, 46, 47, 55, 56, 57, 65, 67, 68
               11,                             16, 24, 25, 26, 33, 34, 35, 36, 43, 44, 45, 46, 47, 54, 55, 56, 57
               12,                             20, 32, 33, 34, 35, 41, 42, 43, 44, 45, 51, 52, 53, 54, 55, 61, 62, 63, 64, 65, 73
               13,                             17, 40, 41, 42, 43, 50, 51, 52, 53, 60, 61, 62, 63, 70, 71, 72, 73, 81
               14,                             21, 20, 30, 31, 33, 41, 42, 43, 50, 51, 52, 53, 60, 61, 62, 70, 71, 72, 73, 80, 81, 82
               15,                             18, 36, 45, 46, 47, 55, 56, 57, 58, 65, 66, 67, 68, 75, 76, 77, 78, 87, 88
               16,                             20, 45, 46, 47, 54, 55, 56, 57, 58, 64, 65, 66, 67, 68, 74, 75, 76, 77, 78, 85, 86
               17,                             18, 44, 53, 54, 55, 62, 63, 64, 65, 66, 72, 73, 74, 75, 76, 82, 83, 84, 85
               18,                             17, 61, 62, 63, 70, 71, 72, 73, 74, 80, 81, 82, 83, 84, 90, 91, 92, 93
               19,                             16, 60, 61, 62, 70, 71, 72, 73, 80, 81, 82, 83, 90, 91, 92, 100, 101
               20,                             16, 67, 68, 76, 77, 78, 86, 87, 88, 96, 97, 98, 106, 107, 108, 117, 118
               21,                             20, 67, 68, 75, 76, 77, 78, 84, 85, 86, 87, 88, 94, 95, 96, 97, 98, 105, 106, 107, 108
               22,                             20, 73, 74, 75, 76, 82, 83, 84, 85, 86, 92, 93, 94, 95, 96, 102, 103, 104, 105, 106, 113
               23,                             17, 81, 82, 83, 84, 90, 91, 92, 93, 94, 100, 101, 102, 103, 104, 111, 112, 113
               24,                             16, 80, 81, 82, 83, 90, 91, 92, 93, 100, 101, 102, 103, 110, 111, 112, 121
               25,                             16, 87, 88, 96, 97, 98, 106, 107, 108, 116, 117, 118, 126, 127, 128, 137, 138
               26,                             19, 96, 97, 98, 104, 105, 106, 107, 108, 114, 115, 116, 117, 118, 124, 125, 126, 127, 128, 136
               27,                             16, 95, 103, 104, 105, 106, 112, 113, 114, 115, 116, 122, 123, 124, 125, 126, 134
               28,                             16, 101, 102, 103, 104, 110, 111, 112, 113, 114, 120, 121, 122, 123, 124, 131, 132
               29,                             16, 91, 100, 101, 102, 103, 110, 111, 112, 113, 120, 121, 122, 123, 130, 131, 132
               30,                             16, 108, 117, 118, 126, 127, 128, 136, 137, 138, 146, 147, 148, 156, 157, 158, 168
               31,                             18, 125, 126, 127, 128, 134, 135, 136, 137, 138, 144, 145, 146, 147, 148, 155, 156, 157, 158
               32,                             17, 123, 124, 125, 126, 132, 133, 134, 135, 136, 142, 143, 144, 145, 146, 153, 154, 155
               33,                             17, 121, 122, 123, 124, 130, 131, 132, 133, 134, 140, 141, 142, 143, 144, 151, 152, 153
               34,                             17, 110, 111, 112, 113, 120, 121, 122, 130, 131, 132, 133, 140, 141, 142, 143, 150, 151
               35,                             17, 138, 147, 148, 156, 157, 158, 165, 166, 167, 168, 175, 176, 177, 178, 185, 186, 187
               36,                             20, 145, 146, 147, 154, 155, 156, 157, 158, 164, 165, 166, 167, 168, 173, 174, 175, 176, 177, 178, 185
               37,                             20, 142, 143, 144, 145, 151, 152, 153, 154, 155, 156, 161, 162, 163, 164, 165, 166, 172, 173, 174, 175
               38,                             16, 132, 140, 141, 142, 143, 150, 151, 152, 153, 160, 161, 162, 163, 170, 171, 172
               39,                             17, 121, 130, 131, 132, 140, 141, 142, 143, 150, 151, 152, 160, 161, 162, 170, 171, 181
               40,                             19, 167, 168, 175, 176, 177, 178, 184, 185, 186, 187, 194, 195, 196, 197, 204, 205, 206, 214, 215
               41,                             19, 164, 173, 174, 175, 176, 177, 182, 183, 184, 185, 186, 187, 193, 194, 195, 196, 204, 205, 206
               42,                             19, 161, 162, 163, 164, 171, 172, 173, 174, 175, 180, 181, 182, 183, 184, 185, 191, 192, 193, 194
               43,                             14, 151, 160, 161, 162, 163, 170, 171, 172, 173, 180, 181, 182, 190, 191
               44,                             16, 141, 150, 151, 152, 160, 161, 162, 170, 171, 172, 180, 181, 182, 190, 191, 201
               45,                             19, 184, 185, 186, 193, 194, 195, 196, 203, 204, 205, 206, 212, 213, 214, 215, 216, 223, 224, 225
               46,                             20, 183, 185, 192, 193, 194, 195, 196, 201, 202, 203, 204, 205, 206, 212, 213, 214, 215, 223, 224, 225
               47,                             18, 180, 181, 182, 183, 190, 191, 192, 193, 194, 200, 201, 202, 203, 204, 210, 211, 212, 213
               48,                             13, 170, 171, 180, 181, 182, 190, 191, 192, 193, 200, 201, 202, 210
               49,                             19, 161, 170, 171, 172, 180, 181, 182, 183, 184, 190, 192, 193, 200, 201, 203, 210, 212, 213, 220
               50,                             20, 191, 192, 193, 202, 203, 204, 205, 206, 210, 211, 212, 213, 214, 215, 216, 221, 222, 223, 224, 225
               51,                             17, 200, 201, 202, 203, 204, 210, 211, 212, 213, 214, 215, 220, 221, 222, 223, 224, 225
               52,                             12, 190, 191, 200, 201, 202, 210, 211, 212, 213, 220, 221, 222
               53,                             13, 180, 181, 190, 191, 192, 200, 201, 202, 210, 211, 212, 220, 221
               54,                             15, 154, 170, 180, 181, 184, 190, 191, 192, 193, 200, 201, 210, 211, 220, 221
